======================================================================
IGN_2_12x15   12x15, u8, данные @0x10A01
Вторая карта зажигания. Сток 3..57. Меняется между csok и относительно стока (+0..+15).
======================================================================

--- FBH3ID60_stok.bin ---
   26    26    25    24    22    20    19    15     9     5     3     3
   32    31    29    28    26    23    22    18    13     8     6     5
   36    35    34    32    29    26    24    20    15    11     8     7
   44    43    40    37    33    30    28    23    19    15    13    11
   47    46    43    39    35    33    30    25    21    17    15    13
   50    48    45    40    37    34    32    27    23    19    17    15
   51    49    47    41    38    36    34    29    25    21    18    16
   52    50    48    43    39    37    35    30    27    23    20    18
   53    51    48    44    40    38    35    31    28    24    21    20
   54    52    49    45    41    39    36    32    29    26    23    22
   55    53    51    47    43    40    37    33    30    27    25    24
   56    54    52    48    44    41    38    34    31    29    27    26
   57    55    53    49    45    43    40    35    32    30    28    27
   57    56    54    50    46    44    43    39    36    33    31    30
   57    56    54    50    47    45    44    40    38    35    32    31

--- FBH3ID60 e2 tun csok.bin ---
   26    26    25    24    22    23    25    23    16    10     8     6
   32    31    29    28    30    27    30    27    21    15    13    10
   36    35    34    32    33    31    32    29    24    19    16    15
   44    43    40    37    37    35    36    33    29    23    21    19
   47    46    43    39    39    39    38    34    31    25    23    21
   50    48    45    45    43    43    40    35    32    27    25    23
   51    49    47    49    44    45    44    37    33    29    26    24
   52    50    48    55    46    47    45    40    34    31    28    25
   53    51    48    55    47    51    47    41    35    32    29    26
   54    52    49    55    49    53    48    43    36    32    30    29
   55    53    51    55    55    55    48    45    39    35    31    30
   56    54    52    55    55    56    48    45    40    36    32    32
   57    55    53    56    55    56    49    45    42    38    33    32
   57    56    54    57    55    56    50    46    43    40    35    33
   57    56    54    50    55    56    50    46    43    40    35    34

--- FBH3ID60 e2 tun csok v2___.bin ---
   26    26    25    24    22    23    25    23    16    10     8     6
   32    31    29    28    30    27    30    27    21    15    13    10
   36    35    34    32    33    31    32    29    24    19    16    15
   44    43    40    37    37    36    37    34    30    24    22    20
   47    46    43    39    39    40    39    35    32    26    24    22
   50    48    45    45    43    44    41    36    33    28    26    24
   51    49    47    49    44    46    45    38    34    30    27    25
   52    50    48    55    46    48    46    41    35    32    29    26
   53    51    48    55    47    52    48    42    36    33    30    27
   54    52    49    55    49    54    49    44    37    33    31    30
   55    53    51    55    55    56    49    46    40    36    32    31
   56    54    52    55    55    57    49    46    41    37    33    33
   57    55    53    56    55    56    49    45    42    38    33    32
   57    56    54    57    55    56    50    46    43    40    35    33
   57    56    54    50    55    56    50    46    43    40    35    34

--- разность: FBH3ID60 e2 tun csok.bin - FBH3ID60_stok.bin ---
    0     0     0     0     0     3     6     8     7     5     5     3
    0     0     0     0     4     4     8     9     8     7     7     5
    0     0     0     0     4     5     8     9     9     8     8     8
    0     0     0     0     4     5     8    10    10     8     8     8
    0     0     0     0     4     6     8     9    10     8     8     8
    0     0     0     5     6     9     8     8     9     8     8     8
    0     0     0     8     6     9    10     8     8     8     8     8
    0     0     0    12     7    10    10    10     7     8     8     7
    0     0     0    11     7    13    12    10     7     8     8     6
    0     0     0    10     8    14    12    11     7     6     7     7
    0     0     0     8    12    15    11    12     9     8     6     6
    0     0     0     7    11    15    10    11     9     7     5     6
    0     0     0     7    10    13     9    10    10     8     5     5
    0     0     0     7     9    12     7     7     7     7     4     3
    0     0     0     0     8    11     6     6     5     5     3     3
изменено ячеек: 128 из 180, диапазон [+0..+15]

--- разность: FBH3ID60 e2 tun csok v2___.bin - FBH3ID60_stok.bin ---
    0     0     0     0     0     3     6     8     7     5     5     3
    0     0     0     0     4     4     8     9     8     7     7     5
    0     0     0     0     4     5     8     9     9     8     8     8
    0     0     0     0     4     6     9    11    11     9     9     9
    0     0     0     0     4     7     9    10    11     9     9     9
    0     0     0     5     6    10     9     9    10     9     9     9
    0     0     0     8     6    10    11     9     9     9     9     9
    0     0     0    12     7    11    11    11     8     9     9     8
    0     0     0    11     7    14    13    11     8     9     9     7
    0     0     0    10     8    15    13    12     8     7     8     8
    0     0     0     8    12    16    12    13    10     9     7     7
    0     0     0     7    11    16    11    12    10     8     6     7
    0     0     0     7    10    13     9    10    10     8     5     5
    0     0     0     7     9    12     7     7     7     7     4     3
    0     0     0     0     8    11     6     6     5     5     3     3
изменено ячеек: 128 из 180, диапазон [+0..+16]
