======================================================================
IGN_MAIN_11x16   11x16, u8, данные @0x10529
Карта зажигания. Столбцы = нагрузка (растёт вправо), строки = обороты (растут вниз). Сток 1..60. Меняется и между двумя csok, и относительно стока (+0..+9).
======================================================================

--- FBH3ID60_stok.bin ---
   32    32    32    25    18    12     8     6     5     4     1
   39    39    39    33    27    21    17    15    13    10     7
   41    41    41    35    30    24    21    19    16    13     9
   42    42    42    37    32    27    23    21    18    15    12
   45    44    44    38    34    30    26    23    21    18    14
   45    45    45    40    36    32    29    27    24    22    17
   49    49    49    43    40    35    32    29    27    25    22
   51    51    51    46    42    38    34    32    29    28    26
   52    52    52    47    44    39    35    34    32    31    29
   51    51    51    48    44    40    37    35    34    32    31
   50    50    50    46    43    39    36    35    34    34    34
   51    51    51    45    42    38    36    35    34    34    34
   52    52    52    46    43    40    37    37    35    34    35
   52    52    52    48    45    42    40    39    38    38    37
   55    55    55    52    49    46    44    41    40    40    40
   60    60    60    56    54    51    49    46    45    44    43

--- FBH3ID60 e2 tun csok.bin ---
   32    32    32    25    18    12     8     6     5     4     2
   39    39    39    33    27    21    17    15    13    12     8
   41    41    41    35    30    24    23    23    21    19    14
   42    42    42    37    32    29    28    27    24    21    18
   45    44    44    38    34    35    34    30    28    25    19
   45    45    45    40    36    37    38    33    30    29    24
   49    49    49    43    40    40    40    36    33    31    29
   51    51    51    46    46    43    42    39    35    35    32
   52    52    52    47    48    44    44    40    39    38    35
   51    51    51    48    48    46    45    42    41    39    37
   50    50    50    46    49    46    44    42    41    41    39
   51    51    51    45    48    46    42    42    41    40    39
   52    52    52    46    49    45    43    41    40    39    38
   52    52    52    48    49    45    44    43    42    41    40
   55    55    55    52    49    46    46    45    44    42    42
   60    60    60    56    54    51    51    46    45    45    45

--- FBH3ID60 e2 tun csok v2___.bin ---
   32    32    32    25    18    12     8     6     5     4     2
   39    39    39    33    27    21    17    15    13    12     8
   41    41    41    35    30    24    23    23    21    19    14
   42    42    42    37    32    29    28    27    24    21    18
   45    44    44    38    34    35    34    30    28    25    19
   45    45    45    41    37    38    39    34    31    30    25
   49    49    49    44    41    41    41    37    34    32    30
   51    51    51    47    47    44    43    40    36    36    33
   52    52    52    48    49    45    45    41    40    39    36
   51    51    51    49    49    47    46    43    42    40    38
   50    50    50    47    50    47    45    43    42    42    40
   51    51    51    46    49    47    43    43    42    41    40
   52    52    52    46    49    45    43    41    40    39    38
   52    52    52    48    49    45    44    43    42    41    40
   55    55    55    52    49    46    46    45    44    42    42
   60    60    60    56    54    51    51    46    45    45    45

--- разность: FBH3ID60 e2 tun csok.bin - FBH3ID60_stok.bin ---
    0     0     0     0     0     0     0     0     0     0     1
    0     0     0     0     0     0     0     0     0     2     1
    0     0     0     0     0     0     2     4     5     6     5
    0     0     0     0     0     2     5     6     6     6     6
    0     0     0     0     0     5     8     7     7     7     5
    0     0     0     0     0     5     9     6     6     7     7
    0     0     0     0     0     5     8     7     6     6     7
    0     0     0     0     4     5     8     7     6     7     6
    0     0     0     0     4     5     9     6     7     7     6
    0     0     0     0     4     6     8     7     7     7     6
    0     0     0     0     6     7     8     7     7     7     5
    0     0     0     0     6     8     6     7     7     6     5
    0     0     0     0     6     5     6     4     5     5     3
    0     0     0     0     4     3     4     4     4     3     3
    0     0     0     0     0     0     2     4     4     2     2
    0     0     0     0     0     0     2     0     0     1     2
изменено ячеек: 89 из 176, диапазон [+0..+9]

--- разность: FBH3ID60 e2 tun csok v2___.bin - FBH3ID60_stok.bin ---
    0     0     0     0     0     0     0     0     0     0     1
    0     0     0     0     0     0     0     0     0     2     1
    0     0     0     0     0     0     2     4     5     6     5
    0     0     0     0     0     2     5     6     6     6     6
    0     0     0     0     0     5     8     7     7     7     5
    0     0     0     1     1     6    10     7     7     8     8
    0     0     0     1     1     6     9     8     7     7     8
    0     0     0     1     5     6     9     8     7     8     7
    0     0     0     1     5     6    10     7     8     8     7
    0     0     0     1     5     7     9     8     8     8     7
    0     0     0     1     7     8     9     8     8     8     6
    0     0     0     1     7     9     7     8     8     7     6
    0     0     0     0     6     5     6     4     5     5     3
    0     0     0     0     4     3     4     4     4     3     3
    0     0     0     0     0     0     2     4     4     2     2
    0     0     0     0     0     0     2     0     0     1     2
изменено ячеек: 98 из 176, диапазон [+0..+10]
