======================================================================
KFZWMS   12x16, u8, данные @0x10935
Предельно поздний угол зажигания. В стоке вся карта равна -33 (-24.75 град). Правится тюнингом.
======================================================================

--- FBH3ID60_stok.bin ---
  223   223   223   223   223   223   223   223   223   223   223   223
  223   223   223   223   223   223   223   223   223   223   223   223
  223   223   223   223   223   223   223   223   223   223   223   223
  223   223   223   223   223   223   223   223   223   223   223   223
  223   223   223   223   223   223   223   223   223   223   223   223
  223   223   223   223   223   223   223   223   223   223   223   223
  223   223   223   223   223   223   223   223   223   223   223   223
  223   223   223   223   223   223   223   223   223   223   223   223
  223   223   223   223   223   223   223   223   223   223   223   223
  223   223   223   223   223   223   223   223   223   223   223   223
  223   223   223   223   223   223   223   223   223   223   223   223
  223   223   223   223   223   223   223   223   223   223   223   223
  223   223   223   223   223   223   223   223   223   223   223   223
  223   223   223   223   223   223   223   223   223   223   223   223
  223   223   223   223   223   223   223   223   223   223   223   223
  223   223   223   223   223   223   223   223   223   223   223   223

--- FBH3ID60 e2 tun csok.bin ---
  223   223   223   223   223   223   223   242   252   251   250   247
  223   223   223   223   223   223   223   242   254   253   252   250
  223   223   223   223   223   223   223   242     1     1     0   255
  223   223   223   223   223   223   223   244     2     2     2     0
  223   223   223   223   223   223   223   245     4     3     2     1
  223   223   223   223   223   223   223   247     6     4     3     2
  223   223   223   223   223   226   225   252     7     6     5     4
  223   223   223   223   223   226   225   254     9     7     5     4
  223   223   223   223   223   226   225     4    10     8     7     6
  223   223   223   223   223   226   225     5    11     9     7     7
  223   223   223   223   223   226   225     7    12    10     8     8
  223   223   223   223   223   226   225     8    13    11     9     9
  223   223   223   223   223   226   225    10     9     2     2     1
  223   223   223   223   223   226   225    11    10     3     4     3
  223   223   223   223   223   226   225    13    11     4     5     4
  223   223   223   223   223   226   225    15    13     6     7     6

--- FBH3ID60 e2 tun csok v2___.bin ---
  223   223   223   223   223   223   223   242   252   251   250   247
  223   223   223   223   223   223   223   242   254   253   252   250
  223   223   223   223   223   223   223   242     1     1     0   255
  223   223   223   223   223   223   223   244     2     2     2     0
  223   223   223   223   223   223   223   245     4     3     2     1
  223   223   223   223   223   223   223   247     6     4     3     2
  223   223   223   223   223   226   225   252     7     6     5     4
  223   223   223   223   223   226   225   254     9     7     5     4
  223   223   223   223   223   226   225     4    10     8     7     6
  223   223   223   223   223   226   225     5    11     9     7     7
  223   223   223   223   223   226   225     7    12    10     8     8
  223   223   223   223   223   226   225     8    13    11     9     9
  223   223   223   223   223   226   225    10     9     2     2     1
  223   223   223   223   223   226   225    11    10     3     4     3
  223   223   223   223   223   226   225    13    11     4     5     4
  223   223   223   223   223   226   225    15    13     6     7     6

--- разность: FBH3ID60 e2 tun csok.bin - FBH3ID60_stok.bin ---
    0     0     0     0     0     0     0    19    29    28    27    24
    0     0     0     0     0     0     0    19    31    30    29    27
    0     0     0     0     0     0     0    19  -222  -222  -223    32
    0     0     0     0     0     0     0    21  -221  -221  -221  -223
    0     0     0     0     0     0     0    22  -219  -220  -221  -222
    0     0     0     0     0     0     0    24  -217  -219  -220  -221
    0     0     0     0     0     3     2    29  -216  -217  -218  -219
    0     0     0     0     0     3     2    31  -214  -216  -218  -219
    0     0     0     0     0     3     2  -219  -213  -215  -216  -217
    0     0     0     0     0     3     2  -218  -212  -214  -216  -216
    0     0     0     0     0     3     2  -216  -211  -213  -215  -215
    0     0     0     0     0     3     2  -215  -210  -212  -214  -214
    0     0     0     0     0     3     2  -213  -214  -221  -221  -222
    0     0     0     0     0     3     2  -212  -213  -220  -219  -220
    0     0     0     0     0     3     2  -210  -212  -219  -218  -219
    0     0     0     0     0     3     2  -208  -210  -217  -216  -217
изменено ячеек: 100 из 192, диапазон [-223..+32]

--- разность: FBH3ID60 e2 tun csok v2___.bin - FBH3ID60_stok.bin ---
    0     0     0     0     0     0     0    19    29    28    27    24
    0     0     0     0     0     0     0    19    31    30    29    27
    0     0     0     0     0     0     0    19  -222  -222  -223    32
    0     0     0     0     0     0     0    21  -221  -221  -221  -223
    0     0     0     0     0     0     0    22  -219  -220  -221  -222
    0     0     0     0     0     0     0    24  -217  -219  -220  -221
    0     0     0     0     0     3     2    29  -216  -217  -218  -219
    0     0     0     0     0     3     2    31  -214  -216  -218  -219
    0     0     0     0     0     3     2  -219  -213  -215  -216  -217
    0     0     0     0     0     3     2  -218  -212  -214  -216  -216
    0     0     0     0     0     3     2  -216  -211  -213  -215  -215
    0     0     0     0     0     3     2  -215  -210  -212  -214  -214
    0     0     0     0     0     3     2  -213  -214  -221  -221  -222
    0     0     0     0     0     3     2  -212  -213  -220  -219  -220
    0     0     0     0     0     3     2  -210  -212  -219  -218  -219
    0     0     0     0     0     3     2  -208  -210  -217  -216  -217
изменено ячеек: 100 из 192, диапазон [-223..+32]
