======================================================================
KFZWMN   12x16, u8, данные @0x14DA4
Карта минимального угла зажигания. Изменена калибровщиком.
======================================================================

--- FBH3ID60_stok.bin ---
   16    12    25    31    37    43    49    54    60    66    72    78
   84    90    96   102   108   125     0    13    20    27    33    40
   54    67    80    93   107   120   244   243   243   228   227   223
  220   217   215   216   213   215   245   244   244   230   229   226
  223   220   218   219   216   218   255   253   253   231   230   227
  224   221   219   220   217   219     0     0     0   234   233   229
  226   222   220   221   218   220     0     0     0   236   235   232
  229   226   227   230   229   231     0     0     0   236   235   232
  229   226   227   230   229   231     0     0     0   236   235   232
  229   226   227   230   229   231     0     0     0   236   235   232
  229   226   227   230   229   231     0     0     0   236   235   232
  229   226   227   230   229   231     0     0     0   236   235   232
  229   226   227   230   229   231     0     0     0   236   235   232
  229   226   227   230   229   231     0     0     0   236   235   232
  229   226   227   230   229   231     0     0     0   236   235   232
  229   226   227   230   229   231     0     0     0   236   235   232

--- FBH3ID60 e2 tun csok.bin ---
   16    12    25    31    37    43    49    54    60    66    72    78
   84    90    96   102   108   125     0    13    20    27    33    40
   54    67    80    93   107   120   244   243   243   228   227   223
  239   252   252   252   251   251   245   244   244   230   229   226
  243   252   252   252   251   251   255   253   253   231   230   227
  243   252   252   252   251   251     0     0     0   234   233   229
  253   252   252   252   251   251     0     0     0   236   235   232
  253   252   255   254   253   253     0     0     0   236   235   232
  253   252   255   254   253   253     0     0     0   236   235   232
  253   252   255   254   253   253     0     0     0   236   235   232
  253   252   255   254   253   253     0     0     0   236   235   232
  253   252   255   254   253   253     0     0     0   236   235   232
  253   252   255   254   253   253     0     0     0   236   235   232
  253   252   255   254   253   253     0     0     0   236   235   232
  253   252   255   254   253   253     0     0     0   236   235   232
  253   252   255   254   253   253     0     0     0   236   235   232

--- FBH3ID60 e2 tun csok v2___.bin ---
   16    12    25    31    37    43    49    54    60    66    72    78
   84    90    96   102   108   125     0    13    20    27    33    40
   54    67    80    93   107   120   244   243   243   228   227   223
  239   252   252   252   251   251   245   244   244   230   229   226
  243   252   252   252   251   251   255   253   253   231   230   227
  243   252   252   252   251   251     0     0     0   234   233   229
  253   252   252   252   251   251     0     0     0   236   235   232
  253   252   255   254   253   253     0     0     0   236   235   232
  253   252   255   254   253   253     0     0     0   236   235   232
  253   252   255   254   253   253     0     0     0   236   235   232
  253   252   255   254   253   253     0     0     0   236   235   232
  253   252   255   254   253   253     0     0     0   236   235   232
  253   252   255   254   253   253     0     0     0   236   235   232
  253   252   255   254   253   253     0     0     0   236   235   232
  253   252   255   254   253   253     0     0     0   236   235   232
  253   252   255   254   253   253     0     0     0   236   235   232

--- разность: FBH3ID60 e2 tun csok.bin - FBH3ID60_stok.bin ---
    0     0     0     0     0     0     0     0     0     0     0     0
    0     0     0     0     0     0     0     0     0     0     0     0
    0     0     0     0     0     0     0     0     0     0     0     0
   19    35    37    36    38    36     0     0     0     0     0     0
   20    32    34    33    35    33     0     0     0     0     0     0
   19    31    33    32    34    32     0     0     0     0     0     0
   27    30    32    31    33    31     0     0     0     0     0     0
   24    26    28    24    24    22     0     0     0     0     0     0
   24    26    28    24    24    22     0     0     0     0     0     0
   24    26    28    24    24    22     0     0     0     0     0     0
   24    26    28    24    24    22     0     0     0     0     0     0
   24    26    28    24    24    22     0     0     0     0     0     0
   24    26    28    24    24    22     0     0     0     0     0     0
   24    26    28    24    24    22     0     0     0     0     0     0
   24    26    28    24    24    22     0     0     0     0     0     0
   24    26    28    24    24    22     0     0     0     0     0     0
изменено ячеек: 78 из 192, диапазон [+0..+38]

--- разность: FBH3ID60 e2 tun csok v2___.bin - FBH3ID60_stok.bin ---
    0     0     0     0     0     0     0     0     0     0     0     0
    0     0     0     0     0     0     0     0     0     0     0     0
    0     0     0     0     0     0     0     0     0     0     0     0
   19    35    37    36    38    36     0     0     0     0     0     0
   20    32    34    33    35    33     0     0     0     0     0     0
   19    31    33    32    34    32     0     0     0     0     0     0
   27    30    32    31    33    31     0     0     0     0     0     0
   24    26    28    24    24    22     0     0     0     0     0     0
   24    26    28    24    24    22     0     0     0     0     0     0
   24    26    28    24    24    22     0     0     0     0     0     0
   24    26    28    24    24    22     0     0     0     0     0     0
   24    26    28    24    24    22     0     0     0     0     0     0
   24    26    28    24    24    22     0     0     0     0     0     0
   24    26    28    24    24    22     0     0     0     0     0     0
   24    26    28    24    24    22     0     0     0     0     0     0
   24    26    28    24    24    22     0     0     0     0     0     0
изменено ячеек: 78 из 192, диапазон [+0..+38]
