======================================================================
KFZW2   12x16, u8, данные @0x10AB5
Карта зажигания, вариант 2. Сток 2.25..33.75 град.
======================================================================

--- FBH3ID60_stok.bin ---
   27    24    21    20    17    15    13    11     8     4     3     3
   27    24    21    20    17    15    13    11     8     4     3     3
   28    25    24    23    22    19    18    16    15     9     8     8
   29    28    27    25    24    23    20    19    17    13    11    11
   33    32    31    29    29    28    23    21    17    16    13    13
   36    34    32    31    33    32    24    22    21    17    13    13
   40    39    37    33    32    32    31    27    21    17    13    13
   45    41    40    36    33    31    30    29    24    23    20    20
   42    42    42    42    42    33    31    29    28    25    24    24
   39    39    39    39    39    32    28    27    25    24    23    23
   32    32    32    32    32    31    29    28    24    23    21    21
   40    40    40    40    40    33    31    29    28    24    20    20
   44    44    44    44    44    40    37    36    33    29    29    29
   41    41    41    41    41    40    36    35    32    28    28    28
   38    38    38    38    38    36    33    32    29    26    25    25
   35    35    35    34    34    32    29    29    26    25    23    23

--- FBH3ID60 e2 tun csok.bin ---
   28    25    22    21    18    16    14    12     9     5     4     4
   28    25    22    21    18    16    14    12     9     5     4     4
   29    26    25    24    23    20    19    17    16    10     9     9
   30    29    28    26    25    24    21    20    18    20    18    18
   34    33    32    30    30    29    24    22    24    23    20    20
   37    35    33    32    34    33    25    29    28    24    20    20
   41    40    38    34    33    33    38    34    28    24    20    20
   46    42    41    37    34    38    37    36    31    30    27    27
   43    43    43    43    43    40    38    36    35    32    31    31
   40    40    40    40    40    39    35    34    32    31    30    30
   33    33    33    33    33    38    36    35    31    30    28    28
   41    41    41    41    41    40    38    36    35    31    27    27
   45    45    45    45    45    47    44    43    40    36    36    36
   42    42    42    42    42    47    43    42    39    35    35    35
   39    39    39    39    39    43    40    39    36    33    32    32
   36    36    36    35    35    39    36    36    33    32    30    30

--- FBH3ID60 e2 tun csok v2___.bin ---
   28    25    22    21    18    16    14    12     9     5     4     4
   28    25    22    21    18    16    14    12     9     5     4     4
   29    26    25    24    23    20    19    17    16    10     9     9
   30    29    28    26    25    24    21    20    18    20    18    18
   34    33    32    30    30    30    25    23    25    24    21    21
   37    35    33    32    34    34    26    30    29    25    21    21
   41    40    38    34    33    34    39    35    29    25    21    21
   46    42    41    37    34    39    38    37    32    31    28    28
   43    43    43    43    43    41    39    37    36    33    32    32
   40    40    40    40    40    40    36    35    33    32    31    31
   33    33    33    33    33    39    37    36    32    31    29    29
   41    41    41    41    41    41    39    37    36    32    28    28
   45    45    45    45    45    48    45    44    41    37    37    37
   42    42    42    42    42    47    43    42    39    35    35    35
   39    39    39    39    39    43    40    39    36    33    32    32
   36    36    36    35    35    39    36    36    33    32    30    30

--- разность: FBH3ID60 e2 tun csok.bin - FBH3ID60_stok.bin ---
    1     1     1     1     1     1     1     1     1     1     1     1
    1     1     1     1     1     1     1     1     1     1     1     1
    1     1     1     1     1     1     1     1     1     1     1     1
    1     1     1     1     1     1     1     1     1     7     7     7
    1     1     1     1     1     1     1     1     7     7     7     7
    1     1     1     1     1     1     1     7     7     7     7     7
    1     1     1     1     1     1     7     7     7     7     7     7
    1     1     1     1     1     7     7     7     7     7     7     7
    1     1     1     1     1     7     7     7     7     7     7     7
    1     1     1     1     1     7     7     7     7     7     7     7
    1     1     1     1     1     7     7     7     7     7     7     7
    1     1     1     1     1     7     7     7     7     7     7     7
    1     1     1     1     1     7     7     7     7     7     7     7
    1     1     1     1     1     7     7     7     7     7     7     7
    1     1     1     1     1     7     7     7     7     7     7     7
    1     1     1     1     1     7     7     7     7     7     7     7
изменено ячеек: 192 из 192, диапазон [+1..+7]

--- разность: FBH3ID60 e2 tun csok v2___.bin - FBH3ID60_stok.bin ---
    1     1     1     1     1     1     1     1     1     1     1     1
    1     1     1     1     1     1     1     1     1     1     1     1
    1     1     1     1     1     1     1     1     1     1     1     1
    1     1     1     1     1     1     1     1     1     7     7     7
    1     1     1     1     1     2     2     2     8     8     8     8
    1     1     1     1     1     2     2     8     8     8     8     8
    1     1     1     1     1     2     8     8     8     8     8     8
    1     1     1     1     1     8     8     8     8     8     8     8
    1     1     1     1     1     8     8     8     8     8     8     8
    1     1     1     1     1     8     8     8     8     8     8     8
    1     1     1     1     1     8     8     8     8     8     8     8
    1     1     1     1     1     8     8     8     8     8     8     8
    1     1     1     1     1     8     8     8     8     8     8     8
    1     1     1     1     1     7     7     7     7     7     7     7
    1     1     1     1     1     7     7     7     7     7     7     7
    1     1     1     1     1     7     7     7     7     7     7     7
изменено ячеек: 192 из 192, диапазон [+1..+8]
