Цепочек: 2, осей в них: 45

--- цепочка 0x01008C..0x010182 (21 осей) ---
  0x01008C  n=5   25 35 40 50 60
  0x010092  n=6   20 40 60 88 120 150
  0x010099  n=7   20 30 40 50 63 75 88
  0x0100A1  n=8   20 40 60 80 102 124 146 166
  0x0100AA  n=8   20 25 50 60 75 100 125 150
  0x0100B3  n=8   40 50 55 63 88 113 130 150
  0x0100BC  n=10  17 25 31 50 63 75 88 100 125 150
  0x0100C7  n=12  15 20 25 30 40 50 63 75 95 120 145 170
  0x0100D4  n=12  20 25 36 50 63 75 88 100 113 125 138 163
  0x0100E1  n=16  10 20 30 50 70 80 100 120 130 150 180 200 210 220 230 250
  0x0100F2  n=16  11 17 20 23 25 31 38 44 50 63 75 88 100 113 138 163
  0x010103  n=16  17 20 23 25 31 38 44 50 63 75 88 100 113 125 150 163
  0x010114  n=24  15 20 25 30 35 40 45 50 55 60 65 70 75 80 85 90 95 ...
  0x01012D  n=5   0 6 16 32 160
  0x010133  n=6   13 27 40 67 93 120
  0x01013A  n=6   27 40 53 67 93 120
  0x010141  n=8   20 33 47 60 73 87 100 113
  0x01014A  n=12  13 20 27 33 40 47 53 67 80 93 107 120
  0x010157  n=12  13 20 27 33 40 47 53 67 80 93 107 133
  0x010164  n=16  13 20 27 33 40 47 53 60 67 73 80 87 93 100 107 113
  0x010175  n=12  24 31 44 55 64 88 104 131 164 191 211 225
--- цепочка 0x0181C1..0x018291 (24 осей) ---
  0x0181C1  n=6   128 141 166 192 218 255
  0x0181C8  n=6   3 6 13 25 50 125
  0x0181CF  n=6   3 10 20 38 60 90
  0x0181D6  n=6   20 45 70 95 125 150
  0x0181DD  n=6   20 35 50 75 100 125
  0x0181E4  n=7   20 30 40 50 65 80 105
  0x0181EC  n=10  15 20 25 35 45 60 75 88 100 125
  0x0181F7  n=16  10 20 30 40 50 60 70 80 90 100 113 125 138 150 163 175
  0x018208  n=16  10 20 30 40 50 63 75 88 100 113 125 135 145 155 165 175
  0x018219  n=4   60 80 100 120
  0x01821E  n=12  13 27 40 53 67 73 80 87 93 100 107 113
  0x01822B  n=7   4 7 10 13 24 60 130
  0x018233  n=7   4 7 10 13 24 60 130
  0x01823B  n=6   131 144 157 171 184 197
  0x018242  n=4   24 91 117 157
  0x018247  n=5   24 51 97 131 184
  0x01824D  n=5   23 64 91 144 171
  0x018253  n=6   24 64 91 117 145 157
  0x01825A  n=6   23 44 63 91 132 171
  0x018261  n=8   24 37 51 64 77 91 104 144
  0x01826A  n=8   24 44 64 91 117 144 171 184
  0x018273  n=9   24 37 51 64 91 117 144 171 195
  0x01827D  n=12  24 31 37 44 54 64 80 91 105 131 184 211
  0x01828A  n=6   30 50 100 131 184 211

Записано: out/axes_stock.json
